Ishodnay matriza
0.369	0.369	0.369	0.369	0.369	0.369	0.369	0.369	0.369
1.295	1.099	0.962	0.865	0.793	0.739	0.696	0.662	0.635
1.422	1.295	1.188	1.099	1.024	0.962	0.909	0.865	0.826
100.88	1.377	1.295	1.221	1.156	1.099	1.048	1.002	0.962
125.88	128.519	1.356	1.295	1.239	1.188	1.141	1.099	1.06
150.88	153.519	157.919	1.343	1.295	1.25	1.208	1.169	1.132
175.88	178.519	182.919	189.078	1.335	1.295	1.257	1.221	1.188
200.88	203.519	207.919	214.078	221.996	1.329	1.295	1.262	1.231
225.88	228.519	232.919	239.078	246.996	256.674	1.324	1.295	1.266
Obrabotannay matriza
0.369	0.369	0.369	0.369	0.369	0.369	0.369	0.369	0.369
1.295	1.099	0.962	0.865	0.793	0.739	0.696	0.662	0.635
1.422	1.295	1.188	1.099	1.024	0.962	0.909	0.865	0.826
100.88	1.377	1.295	1.221	1.156	1.099	1.048	1.002	0.962
125.88	128.519	1.356	1.295	1.239	1.188	1.141	1.099	1.06
175.88	178.519	182.919	189.078	1.335	1.295	1.257	1.221	1.188
150.88	153.519	157.919	1.343	1.295	1.25	1.208	1.169	1.132
200.88	203.519	207.919	214.078	221.996	1.329	1.295	1.262	1.231
225.88	228.519	232.919	239.078	246.996	256.674	1.324	1.295	1.266
Minimalniy element = 0.369
Vector X = [0.369, 0.962, 1.188, 1.295, 1.356, 157.919, 182.919, 207.919, 232.919]